1160 183
1171 181
1186 181
1199 180
1212 192
1224 201
1233 215
1244 253
1259 260
1268 272
1276 288
1285 304
1303 321
1307 340
1315 353
1313 376
1318 395
1314 409
1310 422
1307 447
1310 467
1312 480
1316 496
1318 502
1336 521
1354 521
1363 513
1375 519
1381 503
1382 509
1398 506
1416 507
1428 512
1430 526
1432 541
1431 554
1430 568
1430 579
1413 582
1398 588
1385 590
1374 601
1364 616
1357 634
1345 645
1347 651
1349 668
1348 685
1344 704
1326 704
1303 699
1292 691
1290 677
1281 679
1270 672
1265 670
1248 667
1236 658
1227 657
1213 658
1187 662
1165 666
1149 672
1140 682
1129 693
1111 697
1103 698
1095 705
1071 710
1047 711
1024 710
1020 704
1004 702
986 706
974 702
947 696
929 689
914 693
893 695
878 687
880 677
893 671
879 657
869 647
853 634
848 620
848 611
865 607
857 600
847 593
841 592
832 602
819 609
805 597
791 597
780 585
763 580
763 568
779 568
767 557
765 545
761 523
750 522
728 507
721 497
720 477
717 465
703 467
696 458
680 446
670 427
678 423
686 419
700 419
707 417
717 407
732 407
742 398
748 391
751 378
756 368
762 366
772 359
770 346
775 339
781 331
784 326
788 315
796 298
803 288
812 269
821 257
835 231
845 231
849 227
864 234
871 224
875 219
883 209
884 204
892 204
897 204
903 191
908 192
914 195
929 204
945 205
955 206
966 211
982 211
1003 211
1018 212
1024 213
1036 225
1046 238
1059 239
1065 237
1073 222
1084 218
1095 211
1120 209
1137 207
1154 208
1159 195

-1
1 1186 233
2 1278 307
3 1155 251
4 1176 328
5 1274 367
6 1209 374
7 1299 506
8 1230 475
9 1289 520
10 1368 531
11 1343 653
12 1242 607
13 1239 651
14 953 239
15 1019 300
16 1044 371
17 1122 396
18 1110 421
19 1207 539
20 1137 623
21 1132 565
22 1132 683
23 1097 482
24 983 463
25 977 546
26 1042 571
27 1087 565
28 1082 672
29 996 624
30 946 431
31 963 341
32 897 300
33 881 227
34 808 316
35 887 461
36 750 416
37 957 640
38 915 552
39 870 595
40 793 525
41 745 467
-2
